Epochs,Training Loss,Testing Loss
0,678.7813110351562,545.4182739257812
1,260.9084167480469,485.4678649902344
2,115.54756927490234,315.71881103515625
3,152.94808959960938,500.86724853515625
4,783.940185546875,679.2921142578125
5,100.25396728515625,291.0733337402344
6,94.39027404785156,250.24169921875
7,1020.065185546875,229.56192016601562
8,243.13809204101562,220.462158203125
9,330.47308349609375,109.55616760253906
10,628.4660034179688,168.9886016845703
11,483.4680480957031,757.5288696289062
12,397.2328796386719,298.33807373046875
13,399.02923583984375,692.5170288085938
14,114.14665985107422,105.7065200805664
15,887.019775390625,96.4712142944336
16,315.6628112792969,556.9112548828125
17,764.3477172851562,273.0347595214844
18,100.85255432128906,102.10124969482422
19,438.0391540527344,578.2725830078125
20,303.5420837402344,274.58221435546875
21,1120.133056640625,206.0249481201172
22,729.32421875,385.89483642578125
23,1230.4638671875,196.2184295654297
24,431.12030029296875,432.120361328125
25,110.7669906616211,104.50311279296875
26,1095.164306640625,1428.1380615234375
27,299.39215087890625,953.7839965820312
28,345.4623107910156,381.6542663574219
29,473.6564636230469,173.24066162109375
30,541.0904541015625,599.8578491210938
31,313.48699951171875,555.0364990234375
32,367.22637939453125,101.99168395996094
33,214.02166748046875,807.2905883789062
34,531.438720703125,292.36468505859375
35,961.482177734375,137.6554718017578
36,1011.952392578125,98.96101379394531
37,935.53662109375,136.85507202148438
38,1790.73046875,577.28125
39,726.5632934570312,901.0623168945312
40,195.55105590820312,698.9934692382812
41,252.62400817871094,113.00785827636719
42,338.3031005859375,317.2100524902344
43,347.4886779785156,703.0719604492188
44,103.88027954101562,486.51336669921875
45,579.8330688476562,1321.539306640625
46,502.5468444824219,517.9244995117188
47,666.9464721679688,269.0457458496094
48,907.7973022460938,269.44384765625
49,222.64532470703125,304.2044372558594
50,853.7100219726562,219.80386352539062
51,385.4481201171875,510.0174255371094
52,101.36531829833984,467.2537536621094
53,118.29888916015625,238.2163848876953
54,486.0039978027344,526.80029296875
55,354.1238708496094,934.3740234375
56,685.2138061523438,410.97076416015625
57,247.6596221923828,198.9180145263672
58,106.35577392578125,237.43014526367188
59,415.4256896972656,523.0081787109375
60,770.180908203125,581.1063842773438
61,298.8108215332031,136.67715454101562
62,278.474853515625,164.11868286132812
63,241.75912475585938,231.64309692382812
64,1183.83837890625,500.23345947265625
65,843.2330932617188,447.6800842285156
66,373.9510498046875,403.4461364746094
67,95.01375579833984,666.4407958984375
68,1103.2568359375,867.2021484375
69,879.5189208984375,399.7538146972656
70,106.65206146240234,822.3440551757812
71,84.84534454345703,838.8255615234375
72,464.867919921875,334.9935607910156
73,609.103759765625,142.74607849121094
74,269.0557556152344,665.6371459960938
75,322.40679931640625,159.06195068359375
76,203.45433044433594,936.9095458984375
77,279.723876953125,146.1997833251953
78,282.10223388671875,405.6324462890625
79,216.52711486816406,301.5673828125
80,1033.533203125,87.3220443725586
81,106.80813598632812,715.0428466796875
82,548.6048583984375,576.6987915039062
83,859.2740478515625,451.47705078125
84,102.2593002319336,165.1673126220703
85,99.301025390625,820.3922119140625
86,456.5195007324219,102.1087875366211
87,544.7348022460938,312.2777099609375
88,487.93115234375,687.2554931640625
89,292.0545959472656,753.4781494140625
90,223.80746459960938,86.0103759765625
91,550.4041748046875,361.7242736816406
92,663.3911743164062,344.12896728515625
93,105.0343246459961,138.36436462402344
94,294.298095703125,316.47845458984375
95,443.10675048828125,184.963134765625
96,347.593994140625,261.8424377441406
97,112.49288177490234,107.23262786865234
98,410.4845275878906,539.3715209960938
99,451.1640625,110.81175231933594
100,115.20764923095703,252.29067993164062
101,591.6727905273438,1159.693603515625
102,695.5635375976562,267.8804626464844
103,470.8106689453125,730.5006103515625
104,1257.9447021484375,699.9817504882812
105,1070.00341796875,668.6593017578125
106,107.18209838867188,315.407958984375
107,566.244140625,627.1941528320312
108,197.49002075195312,502.57843017578125
109,803.3900146484375,354.5146789550781
110,303.8868103027344,682.980224609375
111,579.8065185546875,645.7869873046875
112,991.7972412109375,379.4795227050781
113,1025.939453125,236.90274047851562
114,92.76741027832031,406.5935363769531
115,491.6780700683594,100.3506851196289
116,383.53033447265625,261.2866516113281
117,208.8876190185547,243.7226104736328
118,112.4723129272461,529.2838134765625
119,154.38424682617188,796.1348876953125
120,98.9642562866211,246.42593383789062
121,159.95005798339844,243.1319580078125
122,89.83660125732422,398.3154296875
123,115.28712463378906,400.5119323730469
124,332.3848571777344,564.9719848632812
125,98.03461456298828,774.9261474609375
126,99.9874496459961,312.5699462890625
127,221.1553955078125,170.47445678710938
128,262.06317138671875,111.8503189086914
129,163.24801635742188,594.4235229492188
130,477.2961730957031,1122.710693359375
131,122.25180053710938,424.29412841796875
132,654.0172119140625,464.0536193847656
133,102.79136657714844,232.040771484375
134,300.8428039550781,109.6888656616211
135,210.76492309570312,384.77398681640625
136,380.1075439453125,105.33121490478516
137,209.7582550048828,645.5228881835938
138,186.79527282714844,362.3177490234375
139,335.6773376464844,391.7029113769531
140,296.998779296875,293.00091552734375
141,952.2349243164062,813.4385986328125
142,108.83415222167969,568.0494384765625
143,1781.8294677734375,458.6581115722656
144,404.15240478515625,596.833984375
145,484.01129150390625,262.54705810546875
146,624.048095703125,595.3892211914062
147,621.569091796875,161.58029174804688
148,193.73663330078125,346.07232666015625
149,192.66798400878906,519.136962890625
150,682.6591796875,839.7890625
151,97.64134979248047,931.3184814453125
152,99.0649642944336,515.9256591796875
153,415.35821533203125,175.21730041503906
154,1157.7852783203125,520.7149047851562
155,1938.6258544921875,428.6585998535156
156,202.7402801513672,446.49566650390625
157,449.7045593261719,1357.1072998046875
158,389.7860107421875,807.432861328125
159,595.5659790039062,201.7543487548828
160,611.078125,102.6436996459961
161,1137.3082275390625,144.50367736816406
162,271.7169189453125,101.99752044677734
163,103.11860656738281,576.81005859375
164,814.9254760742188,128.720703125
165,341.2186279296875,840.26220703125
166,867.6165771484375,298.5760192871094
167,913.4921875,98.23049926757812
168,724.4688720703125,491.8154296875
169,611.978515625,391.86053466796875
170,351.20733642578125,700.5160522460938
171,111.7496109008789,165.28414916992188
172,114.83211517333984,350.2990417480469
173,778.6658325195312,978.3937377929688
174,120.00160217285156,355.79791259765625
175,403.3694763183594,703.7423095703125
176,102.80229187011719,322.3706970214844
177,785.3876953125,128.20753479003906
178,1406.1556396484375,381.3025207519531
179,246.72970581054688,156.81680297851562
180,243.06155395507812,751.4534912109375
181,718.6434326171875,336.01910400390625
182,370.72735595703125,472.88494873046875
183,365.3389587402344,269.9500427246094
184,480.60687255859375,371.60455322265625
185,967.7406616210938,438.5691833496094
186,89.99588775634766,797.2092895507812
187,101.05733489990234,1326.6099853515625
188,205.59521484375,113.03729248046875
189,472.1634216308594,319.47662353515625
190,706.35302734375,421.8750915527344
191,770.890625,297.0533752441406
192,1103.594482421875,909.1051635742188
193,116.81584930419922,195.71319580078125
194,693.44287109375,93.52027130126953
195,260.1710510253906,411.93292236328125
196,561.095703125,202.31422424316406
197,90.5197525024414,906.1101684570312
198,602.6806640625,158.39988708496094
199,507.48138427734375,504.4039001464844
200,447.42474365234375,645.8688354492188
201,617.6968383789062,104.56632995605469
202,95.80964660644531,486.27301025390625
203,935.51708984375,771.0689086914062
204,1064.54296875,210.6432647705078
205,393.4032897949219,225.0795440673828
206,528.2981567382812,153.71176147460938
207,373.8648376464844,261.03125
208,329.52008056640625,376.01898193359375
209,279.3176574707031,160.52847290039062
210,455.3658447265625,278.3526916503906
211,533.2383422851562,462.03094482421875
212,221.99136352539062,500.3197326660156
213,347.0924072265625,288.365966796875
214,477.937255859375,499.55523681640625
215,717.0716552734375,388.9252624511719
216,397.2537536621094,738.83203125
217,1212.8446044921875,393.6915283203125
218,1630.4876708984375,151.9742431640625
219,145.30953979492188,117.3220443725586
220,929.9727783203125,628.56787109375
221,233.7052764892578,685.352294921875
222,577.314208984375,702.5266723632812
223,219.37423706054688,848.7169189453125
224,340.3260498046875,755.852294921875
225,758.1943359375,217.19546508789062
226,340.0334167480469,480.43682861328125
227,967.36572265625,557.8873901367188
228,286.010498046875,265.63885498046875
229,109.26667022705078,456.01983642578125
230,105.84529113769531,436.419189453125
231,235.34730529785156,412.6752014160156
232,606.0343017578125,542.9207763671875
233,390.6087646484375,207.5183868408203
234,570.6461791992188,93.3092269897461
235,269.2127380371094,333.22967529296875
236,166.28652954101562,465.462158203125
237,208.26100158691406,594.4934692382812
238,434.743896484375,103.1097183227539
239,623.5232543945312,212.87515258789062
240,381.7289733886719,241.9153594970703
241,957.8869018554688,342.024169921875
242,429.68157958984375,152.6235809326172
243,607.0961303710938,90.71127319335938
244,435.17352294921875,499.14886474609375
245,117.62251281738281,178.8378448486328
246,87.61747741699219,721.6270751953125
247,341.89117431640625,792.6695556640625
248,117.4165267944336,339.91302490234375
249,532.4222412109375,681.5740966796875
250,135.97926330566406,474.01702880859375
251,237.01351928710938,150.89073181152344
252,109.61863708496094,544.0394897460938
253,600.9628295898438,239.337646484375
254,461.93780517578125,433.83349609375
255,513.0996704101562,518.2899780273438
256,63.07533264160156,270.5032043457031
257,449.6475524902344,756.208251953125
258,101.32703399658203,167.3153839111328
259,666.812255859375,568.6948852539062
260,113.26195526123047,538.0234375
261,164.39620971679688,920.6329345703125
262,575.61474609375,791.0001831054688
263,156.93943786621094,422.0244140625
264,380.6253967285156,494.31451416015625
265,111.37428283691406,194.49986267089844
266,574.8803100585938,434.779541015625
267,230.1803436279297,100.12335205078125
268,657.0319213867188,243.05087280273438
269,356.9923095703125,265.19403076171875
270,107.68079376220703,84.3532485961914
271,779.57421875,304.63055419921875
272,582.6979370117188,88.90426635742188
273,114.82390594482422,361.6165466308594
274,559.6220703125,459.71234130859375
275,347.696533203125,329.8927001953125
276,543.8612060546875,107.6148452758789
277,273.4447937011719,644.5046997070312
278,171.03758239746094,223.8808135986328
279,777.34130859375,432.68072509765625
280,92.14813232421875,1364.8482666015625
281,457.84088134765625,98.15605163574219
282,854.2592163085938,305.75518798828125
283,166.3085479736328,690.291259765625
284,926.3786010742188,380.841552734375
285,109.5972900390625,1059.9051513671875
286,336.4938659667969,235.6088104248047
287,96.92337799072266,299.2874450683594
288,107.3707275390625,95.04559326171875
289,179.16061401367188,285.5368957519531
290,275.5353088378906,234.12728881835938
291,642.6580200195312,305.7861022949219
292,960.6925659179688,102.1888656616211
293,1133.2850341796875,163.95010375976562
294,683.1080322265625,146.22967529296875
295,553.1778564453125,316.9122009277344
296,259.2568664550781,143.35630798339844
297,297.47296142578125,865.0797729492188
298,533.0925903320312,460.23211669921875
299,199.37779235839844,472.478271484375
300,234.65756225585938,1012.1307373046875
301,577.4633178710938,596.9923095703125
302,317.86328125,957.9718017578125
303,194.384521484375,204.85818481445312
304,571.5458374023438,1075.6376953125
305,174.5985870361328,1011.0817260742188
306,516.8104248046875,103.23252868652344
307,362.5558776855469,566.2053833007812
308,217.99081420898438,900.15673828125
309,285.42193603515625,501.6808166503906
310,952.9676513671875,856.9451904296875
311,341.33856201171875,658.8828125
312,103.9179916381836,568.6617431640625
313,112.31635284423828,398.39654541015625
314,447.68524169921875,342.84332275390625
315,532.6904907226562,322.7609558105469
316,749.3909912109375,312.4686584472656
317,269.4410095214844,798.988037109375
318,146.16551208496094,454.7215270996094
319,575.3685302734375,207.99697875976562
320,595.6843872070312,394.5785827636719
321,109.40990447998047,399.02655029296875
322,775.1721801757812,111.2674789428711
323,337.4066162109375,713.0430297851562
324,333.9844665527344,116.40743255615234
325,417.7924499511719,683.7423706054688
326,103.76164245605469,568.41796875
327,370.4090576171875,439.00970458984375
328,106.72781372070312,657.9824829101562
329,1187.36083984375,630.3933715820312
330,81.12132263183594,216.7649383544922
331,107.46614837646484,295.7978820800781
332,295.33819580078125,587.1065063476562
333,405.49359130859375,262.7513427734375
334,783.2520751953125,141.18063354492188
335,167.98748779296875,180.9724884033203
336,217.8633270263672,445.2437438964844
337,377.994384765625,1124.5157470703125
338,101.44022369384766,517.3032836914062
339,227.840087890625,541.6217041015625
340,469.5506896972656,375.5740661621094
341,233.6376190185547,104.10030364990234
342,363.6304626464844,312.13946533203125
343,737.8027954101562,246.8680419921875
344,877.8878173828125,501.16357421875
345,625.5418090820312,1121.42919921875
346,236.69056701660156,730.0086669921875
347,121.33287811279297,107.7572250366211
348,548.1629028320312,233.8649139404297
349,443.08111572265625,105.1700668334961
350,395.9656677246094,321.3607482910156
351,257.8338317871094,335.74468994140625
352,283.76458740234375,109.98591613769531
353,516.892822265625,792.9078369140625
354,591.2009887695312,801.9306640625
355,105.91815948486328,207.25949096679688
356,308.8104553222656,932.2848510742188
357,275.9659729003906,565.5486450195312
358,673.7723388671875,1257.963134765625
359,175.1669158935547,102.86480712890625
360,474.6568298339844,874.5394287109375
361,252.1827392578125,356.461669921875
362,578.3878784179688,649.2137451171875
363,104.5655517578125,375.7034606933594
364,337.86798095703125,113.91988372802734
365,557.3577270507812,218.79782104492188
366,644.427978515625,381.8187561035156
367,690.4418334960938,687.3999633789062
368,550.7196044921875,143.6917724609375
369,194.59420776367188,708.203125
370,228.3543243408203,138.4014434814453
371,428.6089172363281,363.98516845703125
372,406.52545166015625,112.79789733886719
373,468.13775634765625,418.6615295410156
374,574.3922119140625,244.61770629882812
375,238.61032104492188,110.21431732177734
376,184.93728637695312,476.2845764160156
377,689.6663208007812,574.1470947265625
378,463.46014404296875,600.8700561523438
379,475.6548156738281,446.3612365722656
380,418.21234130859375,537.7567749023438
381,90.53343963623047,177.51133728027344
382,426.2353515625,778.6762084960938
383,898.893798828125,1202.455322265625
384,201.31158447265625,562.833984375
385,621.292724609375,99.15618133544922
386,233.89224243164062,606.9002685546875
387,572.0306396484375,215.06448364257812
388,327.2992248535156,242.1481475830078
389,362.315673828125,280.0375061035156
390,104.45991516113281,117.65277099609375
391,777.0534057617188,234.64187622070312
392,573.0481567382812,1098.0968017578125
393,452.2473449707031,616.5952758789062
394,278.5118713378906,96.32292175292969
395,322.20574951171875,1662.8837890625
396,314.1258850097656,618.9863891601562
397,218.66650390625,254.2601776123047
398,254.45193481445312,396.5414123535156
399,570.774169921875,554.1690673828125
400,111.59761047363281,259.8485107421875
401,421.602783203125,574.3238525390625
402,658.3797607421875,373.8773193359375
403,647.3474731445312,292.56109619140625
404,323.64019775390625,266.6238098144531
405,382.225341796875,282.39752197265625
406,104.39260864257812,195.54518127441406
407,111.20559692382812,194.52346801757812
408,747.1629638671875,337.9429931640625
409,914.776611328125,1026.777099609375
410,196.09706115722656,942.3923950195312
411,1257.384765625,93.16832733154297
412,906.3464965820312,107.44610595703125
413,591.5438232421875,186.90194702148438
414,411.7717590332031,167.3376007080078
415,235.27001953125,396.3251953125
416,306.5622253417969,210.94137573242188
417,503.57781982421875,258.17718505859375
418,978.1251220703125,1009.2975463867188
419,668.2478637695312,459.8846740722656
420,196.53111267089844,444.14404296875
421,104.77500915527344,959.75830078125
422,627.778564453125,127.21868896484375
423,589.73974609375,304.5041809082031
424,393.9381103515625,265.78265380859375
425,650.285888671875,699.4918212890625
426,90.53753662109375,596.0237426757812
427,1124.7972412109375,1123.2095947265625
428,414.5167236328125,509.85205078125
429,98.35133361816406,141.94894409179688
430,105.95441436767578,350.2188720703125
431,579.9160766601562,90.69358825683594
432,549.22802734375,1070.69873046875
433,588.9583129882812,482.9010314941406
434,594.3048706054688,914.6775512695312
435,106.97857666015625,259.52325439453125
436,383.7019958496094,92.37953186035156
437,881.3886108398438,198.34046936035156
438,991.8494262695312,186.01809692382812
439,125.78660583496094,275.4380798339844
440,461.6026916503906,400.6967468261719
441,272.6826171875,631.3260498046875
442,98.4072265625,208.71987915039062
443,296.33447265625,392.9790344238281
444,318.2724609375,109.1208267211914
445,443.05169677734375,93.35411071777344
446,872.822265625,377.05853271484375
447,690.2000732421875,657.9957275390625
448,403.15802001953125,424.116943359375
449,704.88818359375,470.7979431152344
450,563.048583984375,810.0953369140625
451,748.6723022460938,720.83935546875
452,107.96519470214844,341.23260498046875
453,503.8094482421875,542.1094970703125
454,110.01399993896484,556.0704345703125
455,608.2133178710938,520.94873046875
456,282.28289794921875,488.5917053222656
457,103.10536193847656,227.01138305664062
458,471.0456237792969,867.1556396484375
459,256.61065673828125,261.0652770996094
460,533.7425537109375,447.64251708984375
461,97.7048568725586,771.3302001953125
462,330.00189208984375,100.33971405029297
463,431.95318603515625,303.72271728515625
464,517.1216430664062,937.6604614257812
465,109.45648193359375,192.80125427246094
466,259.1303405761719,599.29150390625
467,666.3474731445312,709.4581298828125
468,466.6622009277344,386.40655517578125
469,99.40608215332031,311.653076171875
470,106.02766418457031,350.56842041015625
471,306.0235595703125,185.85377502441406
472,399.472412109375,568.097412109375
473,355.9005432128906,186.5075225830078
474,377.9570617675781,495.4085388183594
475,282.8751220703125,665.5772705078125
476,614.5018920898438,95.0821533203125
477,714.9600830078125,355.03936767578125
478,824.1072998046875,1097.171630859375
479,1379.1307373046875,208.8891143798828
480,211.3996124267578,217.518798828125
481,138.61102294921875,417.50994873046875
482,226.4088897705078,175.6452178955078
483,277.67352294921875,593.6536865234375
484,291.34332275390625,114.83441162109375
485,810.9716186523438,305.40155029296875
486,1010.397705078125,723.7724609375
487,103.29773712158203,432.0193786621094
488,108.6727294921875,294.98077392578125
489,131.6183319091797,281.9810485839844
490,109.43962097167969,280.28448486328125
491,457.19354248046875,442.7530822753906
492,111.05379486083984,260.1199035644531
493,96.26219177246094,1248.3443603515625
494,85.87640380859375,483.06732177734375
495,421.4857482910156,325.68841552734375
496,106.3382797241211,168.54647827148438
497,200.05197143554688,498.99273681640625
498,788.4003295898438,375.6599426269531
499,1036.48291015625,484.73516845703125
