Epochs,Training Loss,Testing Loss
0,0.3982076644897461,0.15676948428153992
1,0.3837043046951294,0.9896470308303833
2,0.32142916321754456,0.23422706127166748
3,0.13974206149578094,0.004783703479915857
4,0.003076941706240177,0.02048192359507084
5,0.07308605313301086,0.013910604640841484
6,0.28513503074645996,0.0006779831601306796
7,0.19671669602394104,0.03639058768749237
8,0.012743039056658745,0.06185883283615112
9,0.2042670100927353,0.7124388217926025
10,0.2606821358203888,0.017552172765135765
11,0.07695402950048447,0.08889207243919373
12,0.09389995038509369,0.10521546751260757
13,31.233631134033203,0.8114427924156189
14,0.02985609881579876,0.22678452730178833
15,0.017829392105340958,0.001325898920185864
16,0.09120982885360718,0.4391956925392151
17,0.08474062383174896,0.5305517911911011
18,0.5205704569816589,0.2088700383901596
19,0.05613388866186142,0.03517218679189682
20,0.09674614667892456,36.67822265625
21,57.90070724487305,0.8048509359359741
22,0.1750284731388092,0.12066905945539474
23,0.21787068247795105,0.1249823123216629
24,0.23563140630722046,0.1083393469452858
25,0.16781646013259888,0.1218201220035553
26,0.18443696200847626,0.3145871162414551
27,0.16842728853225708,0.053668539971113205
28,0.18608109652996063,0.32656946778297424
29,0.147775799036026,0.5870750546455383
30,0.058109480887651443,0.034477073699235916
31,0.13423269987106323,0.2368248999118805
32,0.14922231435775757,0.07086766511201859
33,0.15542533993721008,4.123132228851318
34,0.12121352553367615,0.1154739260673523
35,0.08967414498329163,0.4224337935447693
36,0.08714132755994797,0.0628008246421814
37,0.08086799085140228,0.056594718247652054
38,0.21436023712158203,0.10570555180311203
39,0.155502587556839,0.1804640293121338
40,0.0920741856098175,0.087173230946064
41,0.12428688257932663,0.46624651551246643
42,0.142689049243927,0.020545311272144318
43,0.004415647126734257,0.02358044870197773
44,0.1480962038040161,0.24176806211471558
45,0.12778973579406738,0.021303756162524223
46,0.19114814698696136,0.3925146460533142
47,0.21518290042877197,0.008483457379043102
48,0.4540901482105255,0.15241408348083496
49,0.6027126312255859,0.0052865673787891865
50,2.9507744312286377,0.10347940772771835
51,0.25907811522483826,0.03752361983060837
52,0.1462729573249817,0.0005610798834823072
53,0.07849189639091492,0.04516880586743355
54,0.0762067437171936,0.05482755973935127
55,0.11110404133796692,0.09825563430786133
56,21.16982078552246,0.2834186851978302
57,0.030928272753953934,0.17833249270915985
58,2.1263809204101562,0.010057235136628151
59,0.8149341940879822,0.27550381422042847
60,0.1351168006658554,0.06256552040576935
61,0.09332893788814545,0.30227091908454895
62,0.03164803609251976,0.20297737419605255
63,0.17939606308937073,0.15385660529136658
64,0.27894270420074463,0.13548681139945984
65,0.06826816499233246,0.019387535750865936
66,0.6336095929145813,0.05257595703005791
67,10.192671775817871,0.20093227922916412
68,0.1976812332868576,6.695569038391113
69,0.05284591764211655,0.8477839827537537
70,0.13213633000850677,0.04650205373764038
71,0.25150489807128906,0.3313046991825104
72,2.8831846714019775,0.08819704502820969
73,2.233046293258667,0.011312998831272125
74,0.15824052691459656,0.00870097242295742
75,0.1454804688692093,0.10456966608762741
76,0.3077529966831207,0.26897233724594116
77,0.26423877477645874,0.000910827424377203
78,0.1375349462032318,0.0007415034342557192
79,3.0313074588775635,0.20677918195724487
80,0.0954037681221962,0.10687495023012161
81,19.49811363220215,0.26712271571159363
82,0.09721148014068604,0.17836937308311462
83,0.08792383968830109,0.00621179211884737
84,0.06052163988351822,0.14560939371585846
85,0.15996229648590088,0.3220508396625519
86,5.631023406982422,0.2232433706521988
87,0.14245644211769104,0.0011692984262481332
88,0.17007042467594147,0.11780771613121033
89,0.0985838770866394,0.031476762145757675
90,0.2606542110443115,0.3831430971622467
91,0.25146347284317017,0.1329810619354248
92,0.11974208056926727,1.3479351997375488
93,0.33710092306137085,0.042357537895441055
94,0.15077334642410278,0.0002836873463820666
95,0.054992932826280594,0.6333945393562317
96,0.17105916142463684,0.012706499546766281
97,0.07094626873731613,0.04726598039269447
98,0.06635017693042755,0.18077057600021362
99,15.808367729187012,0.3881593346595764
100,0.0940789058804512,0.0034138578921556473
101,0.02428586035966873,0.1605992615222931
102,0.3345946669578552,0.0037569713313132524
103,0.041959770023822784,0.04087589681148529
104,0.03974393382668495,0.009977081790566444
105,0.12352942675352097,0.4732014238834381
106,0.06237957254052162,0.06555566191673279
107,0.03632509708404541,0.13794125616550446
108,0.07758249342441559,0.15283341705799103
109,0.14271080493927002,0.03876886144280434
110,0.08181125670671463,0.19038715958595276
111,0.05491110682487488,0.1395026445388794
112,0.11481767892837524,0.15419113636016846
113,0.04132682830095291,0.04178440570831299
114,0.13224078714847565,0.006410062313079834
115,0.3691185712814331,0.27583831548690796
116,38.28060531616211,0.05369207262992859
117,0.22696208953857422,0.33904358744621277
118,0.38915520906448364,2.492382049560547
119,0.11780066043138504,0.07820270955562592
120,0.1530257761478424,23.66655158996582
121,0.08590956777334213,0.1623067408800125
122,0.04034198075532913,0.20267023146152496
123,0.3468029201030731,0.0014989993069320917
124,1.315636157989502,0.14168433845043182
125,0.09148537367582321,0.040620073676109314
126,0.11530573666095734,0.08481106907129288
127,1.1500370502471924,0.1350260227918625
128,0.10032996535301208,0.38452330231666565
129,0.09000250697135925,0.007204805500805378
130,0.07400039583444595,0.003232629271224141
131,0.0969819650053978,0.29635927081108093
132,0.06647732853889465,0.11131457984447479
133,0.07601512968540192,29.443723678588867
134,0.4899316132068634,0.23270271718502045
135,0.04577726125717163,0.07055654376745224
136,0.07895897328853607,1.2113618850708008
137,0.13966123759746552,0.2375333309173584
138,0.13258181512355804,0.000611005409155041
139,0.16305142641067505,0.008074266836047173
140,0.11798081547021866,0.007903310470283031
141,0.24807411432266235,0.04208341985940933
142,0.6428305506706238,0.15902495384216309
143,0.14905068278312683,0.16663585603237152
144,0.059871867299079895,0.14487871527671814
145,0.15338140726089478,0.01904900372028351
146,0.1153610497713089,0.32849645614624023
147,0.08175259828567505,0.07001131772994995
148,0.07148970663547516,0.05077451840043068
149,0.20113840699195862,0.19473327696323395
