Epochs,Training Loss,Testing Loss
0,0.0896645337343216,0.12805300951004028
1,0.5533472299575806,0.000799910572823137
2,0.029792319983243942,0.003251986112445593
3,0.028139419853687286,1.1063342094421387
4,0.027731817215681076,0.13928689062595367
5,0.025870293378829956,0.0051943957805633545
6,0.08884312957525253,0.12717539072036743
7,0.09173514693975449,0.00035398444742895663
8,0.07199853658676147,0.06005377322435379
9,0.03276941180229187,0.13100692629814148
10,0.02980978973209858,6.989038229221478e-05
11,0.0872453898191452,0.019043337553739548
12,0.049121905118227005,0.04224741458892822
13,0.04862981662154198,0.11839672923088074
14,0.056013792753219604,0.11897024512290955
15,0.021383674815297127,0.17403273284435272
16,0.018736155703663826,0.0022375108674168587
17,0.03564915060997009,0.05392623692750931
18,0.05300939455628395,0.028309334069490433
19,0.03691740334033966,0.011636840179562569
20,0.007310103625059128,9.794959623832256e-05
21,0.0647013708949089,3.890821244567633e-05
22,0.00318661006167531,5.4646847274852917e-05
23,0.012140393257141113,0.0841594859957695
24,0.02201775088906288,0.027559323236346245
25,0.020212840288877487,0.06104250252246857
26,0.001933641848154366,0.00753139378502965
27,0.01852053962647915,0.08644940704107285
28,0.02046467736363411,0.006116938777267933
29,0.009281665086746216,0.0111935930326581
30,0.021865805611014366,0.009830676019191742
31,0.0016249344917014241,0.030550729483366013
32,0.023333609104156494,8.082112117335782e-07
33,0.01757926121354103,0.09283781796693802
34,0.007131313905119896,0.0437445193529129
35,0.00552422134205699,0.005722668953239918
36,0.012347934767603874,2.393456998106558e-05
37,0.03413465619087219,0.015354262664914131
38,0.020824162289500237,0.0006073018885217607
39,0.015725500881671906,0.0035912322346121073
40,0.0068182614631950855,1.000994052446913e-05
41,0.006972035858780146,9.888505155686289e-05
42,0.013247093185782433,0.008698784746229649
43,0.009347508661448956,0.00206212280318141
44,0.024303287267684937,0.0036967569030821323
45,0.013119149953126907,0.0005502970889210701
46,0.0006221990915946662,0.004789408296346664
47,0.0009547777008265257,0.0017474230844527483
48,0.026094969362020493,0.012800820171833038
49,0.18691569566726685,0.0061403862200677395
50,0.0431547574698925,0.04186041280627251
51,0.0008189248037524521,0.007796951569616795
52,0.003882643301039934,0.012698344886302948
53,0.0026637534610927105,0.022009441629052162
54,0.0022319662384688854,0.00042339577339589596
55,0.012918759137392044,0.0005963773000985384
56,0.05496674031019211,0.005596917122602463
57,0.000698199903126806,0.018007662147283554
58,0.00090321886818856,0.006017815787345171
59,0.010750849731266499,0.0013229845790192485
60,0.007254426367580891,0.3175383508205414
61,0.016708292067050934,0.004713563248515129
62,0.009820171631872654,0.0006618028273805976
63,0.01851636916399002,0.0019011484691873193
64,0.0014687509974464774,8.942166459746659e-05
65,0.002523818053305149,0.0002178407448809594
66,0.00754225067794323,0.00027514674002304673
67,0.0005041121621616185,0.002313612261787057
68,0.01428084447979927,0.03660155460238457
69,0.002475511049851775,0.020936742424964905
70,0.0015320376260206103,0.0018101951573044062
71,0.005375658627599478,0.0024898932315409184
72,0.004427197389304638,0.0023805685341358185
73,0.0011161855654790998,0.023704320192337036
74,0.029761772602796555,0.003034022403880954
75,0.0031873423140496016,4.374558193376288e-05
76,0.0029021992813795805,0.0004128116415813565
77,0.0420297347009182,0.00151999166700989
78,0.008427323773503304,0.007025783881545067
79,0.008890356868505478,0.0006810255581513047
80,0.005212578922510147,0.0025794836692512035
81,0.0030176080763339996,0.012170118279755116
82,0.003199339145794511,0.006480906158685684
83,0.01059052161872387,0.01847515068948269
84,0.00421806238591671,0.004505068529397249
85,0.11150015145540237,1.919472651934484e-06
86,0.004900373052805662,0.04161716625094414
87,0.03641735762357712,4.656921009882353e-05
88,0.0026102797128260136,0.0005327898543328047
89,0.002893362194299698,0.5344865918159485
90,0.0037886425852775574,0.0035242673475295305
91,0.0032314506825059652,0.0035482679959386587
92,0.0041444795206189156,6.373190262820572e-05
93,0.00451088510453701,0.016483444720506668
94,0.005382129922509193,0.007177114952355623
95,0.0031443911138921976,0.002279091626405716
96,0.003632534760981798,0.000800285313744098
97,0.0026230216026306152,0.009145882911980152
98,0.16548168659210205,0.0005501143750734627
99,0.008177160285413265,0.004081440158188343
100,0.0036114994436502457,0.00017184848547913134
101,0.002459050854668021,0.004431793000549078
102,0.04198748618364334,0.0010371572570875287
103,0.008259519934654236,0.001728932256810367
104,0.0011682873591780663,0.02052994817495346
105,0.005919180810451508,0.0029828634578734636
106,0.00933745689690113,0.07150539010763168
107,0.002535543404519558,0.004684042651206255
108,0.0022025522775948048,0.00013001282059121877
109,0.002852304605767131,0.07037041336297989
110,0.001531408866867423,0.0020828810520470142
111,0.24796172976493835,0.0011051283217966557
112,0.006175059825181961,0.0003552859416231513
113,0.045627471059560776,0.015927935019135475
114,0.004661187995225191,6.135898729553446e-05
115,0.0021320213563740253,3.7116762996447505e-06
116,0.0027438881807029247,0.008211973123252392
117,0.0037181496154516935,0.003853756235912442
118,0.004331300966441631,0.00011423476826166734
119,0.005084821488708258,0.0085415905341506
120,0.002945879939943552,0.0030964817851781845
121,0.030275126919150352,0.0037397725973278284
122,0.0054557230323553085,0.0008178981952369213
123,0.0001483390515204519,0.0112916249781847
124,0.002376753371208906,0.012641023844480515
125,0.0028142351657152176,5.6313612731173635e-05
126,0.009811345487833023,0.001667114207521081
127,0.0041716741397976875,0.0061606294475495815
128,0.040661752223968506,0.002176121808588505
129,0.18383106589317322,0.0010449475375935435
130,0.0034018266014754772,8.381927182199433e-05
131,0.0025784787721931934,0.0002508265315555036
132,0.008867036551237106,0.009162330999970436
133,0.07690493017435074,0.009068907238543034
134,0.003912746906280518,0.002934361109510064
135,0.01393826398998499,1.9622422769316472e-05
136,0.010512862354516983,0.008684870786964893
137,0.003669963451102376,0.10593613237142563
138,0.000996486167423427,0.005752110853791237
139,0.0010930257849395275,0.22220483422279358
140,0.005248166620731354,0.193767249584198
141,0.0038962936960160732,0.0027217036113142967
142,0.0010040567722171545,0.0006638555787503719
143,0.004164556041359901,0.004504929296672344
144,0.009049845859408379,0.0011937064118683338
145,0.0006434033275581896,0.006487586069852114
146,0.0036260541528463364,0.003295097267255187
147,0.0006704168044961989,0.002602364169433713
148,0.0019073020666837692,0.0007717398111708462
149,0.003149820026010275,0.005937939044088125
