Epochs,Training Loss,Testing Loss
0,2219.5615234375,3388.8232421875
1,1900.101318359375,1582.9974365234375
2,2070.9912109375,2963.586669921875
3,1283.2001953125,1117.4781494140625
4,2048.661865234375,2500.837890625
5,796.579833984375,2253.082275390625
6,1148.611083984375,686.9051513671875
7,1725.9835205078125,719.194091796875
8,1309.8192138671875,65.33990478515625
9,1825.515380859375,1206.0567626953125
10,1826.170166015625,1337.08251953125
11,1914.18994140625,3051.791259765625
12,652.6434326171875,315.81866455078125
13,1132.91162109375,1733.52734375
14,1426.718017578125,468.9030456542969
15,1056.6387939453125,1250.32080078125
16,806.726318359375,1776.181396484375
17,45933.91015625,983.4840698242188
18,762.1326904296875,428.5569152832031
19,758.738525390625,602.1431884765625
20,2568.123291015625,947.8888549804688
21,665.7754516601562,248.78009033203125
22,1088.42431640625,2203.22021484375
23,775.0675048828125,4.854499340057373
24,11836.8837890625,190.5328826904297
25,458.1489562988281,704.4824829101562
26,1690.792724609375,1602.57861328125
27,633.382568359375,66.12613677978516
28,274.6065673828125,249437.875
29,1120.48193359375,2686.81640625
30,1129.97412109375,71.86701965332031
31,37819084800.0,13009991.0
32,59460.96875,776.9524536132812
33,887.5787353515625,66.59232330322266
34,16450.912109375,2199.595947265625
35,1493.190673828125,92.82669067382812
36,35155.53125,1036.6253662109375
37,2333.249755859375,492.76898193359375
38,162.1531524658203,360.4521789550781
39,544.541015625,73.57748413085938
40,3043.3203125,53.87493133544922
41,194.40982055664062,171.5092315673828
42,1321.118408203125,32.80601501464844
43,71557.2265625,205.56198120117188
44,259.71527099609375,1272.6090087890625
45,313.093505859375,0.07131457328796387
46,828.384521484375,1383.31396484375
47,8874.591796875,1353.113525390625
48,1392.236572265625,0.004736586008220911
49,881.0931396484375,99.48613739013672
50,3095.870849609375,786.495361328125
51,543.335693359375,218.5956573486328
52,1791.207763671875,68.06608581542969
53,4367.712890625,480.4936828613281
54,5480.056640625,8.435117721557617
55,3215.087890625,918.1992797851562
56,10798.19921875,5786950.5
57,640.7578125,16767.546875
58,1855.97802734375,2230.409912109375
59,168550.140625,2625.268798828125
60,85063.28125,1599.853515625
61,14917.9296875,4967907.5
62,109291.9921875,1796013.875
63,163824.125,497008.40625
64,82292.9140625,289280.75
65,626491719680.0,2277052672.0
66,10238693376.0,1893404928.0
67,2975133440.0,14347940.0
68,79380488.0,218234320.0
69,82030488.0,5127643.0
70,1748847872.0,48013316.0
71,1537932160.0,90043440.0
72,23189262336.0,1262985856.0
73,1198757248.0,71673304.0
74,947745216.0,980993.375
75,23881117696.0,73220349952.0
76,3152754176.0,479735264.0
77,124571262976.0,574632832.0
78,62924357632.0,31693707264.0
79,13651251560448.0,19078088704.0
80,544173765689344.0,34184842182656.0
81,19603088474112.0,102087438368768.0
82,14240922468352.0,1223937367212032.0
83,69324408619008.0,31823656648704.0
84,5454003437568.0,192475267072.0
85,1501235511296.0,5289791717376.0
86,186113431961600.0,38047164923904.0
87,110532894720.0,49205874688.0
88,24573462446080.0,291582181376.0
89,1325663780864.0,13804740608.0
90,13971673317376.0,16353877557248.0
91,259844915200.0,13276160000.0
92,1621189591040.0,19531181326336.0
93,13187392995328.0,264666578944.0
94,836582703104.0,33793273856.0
95,3573582135296.0,3190071492608.0
96,1019533000704.0,23362199879680.0
97,1139162480640.0,4960358498304.0
98,24970839195648.0,1033515106304.0
99,577165656064.0,58118520832.0
100,662903103422464.0,2218661725077504.0
101,8836447461179392.0,1063153722982400.0
102,273923115581440.0,357268365246464.0
103,1.957628913647616e+16,659121116282880.0
104,2794570937008128.0,122935645831168.0
105,4535869864148992.0,21409550041088.0
106,2.393642311226491e+17,38848906133504.0
107,2135681614741504.0,972153767854080.0
108,7.06688696203608e+17,2705384598929408.0
109,389671074922496.0,1250877549576192.0
110,182519802626048.0,46116934516736.0
111,5882675508281344.0,2.8585502730878976e+16
112,1.7982419900982886e+17,6816283286831104.0
113,4381995144577024.0,1.0818112085557248e+16
114,5.765634535614054e+16,4.833928568582963e+16
115,1.3449280991789056e+16,145977432342528.0
116,1.3419520519149978e+17,3.875170320541286e+16
117,3.179271200660521e+17,3.613293279602278e+16
118,2.6335294632073626e+17,3.3904825547514656e+20
119,1.0404431143528038e+17,415490807693312.0
120,7.384561456936145e+20,2.4986161223041024e+16
121,6810758348275712.0,1181203650576384.0
122,2.369282201616384e+16,2.8908238771207537e+18
123,1.4940646108299264e+16,8.761381955515187e+16
124,2.052545543405568e+16,1.0529098582248653e+17
125,1.7717864621517308e+19,6411554559885312.0
126,1.4175365700171858e+18,2.408319472043347e+19
127,3.638961821534949e+23,1.6349194746284999e+19
128,1.7678367964824338e+19,8.827467630487053e+20
129,2.4724794939612856e+18,3.262745779843891e+19
130,5.5069418109160915e+19,3.223229331941622e+17
131,1.7553974057108924e+20,1.1731683240375747e+18
132,4.910121621703465e+19,4.251005797464539e+18
133,5.90358931122233e+20,3.715581842766692e+19
134,3.256910645247005e+21,7.668341812662108e+17
135,5.007273061758869e+20,2.574486685228204e+19
136,3.4644264489477734e+18,9.596426436554523e+18
137,7.895898223487327e+19,4.2178009135425876e+21
138,3.178420010985099e+20,2.145054932367359e+21
139,2.089648644409344e+27,3.308959309090479e+20
140,4.6137743375746e+22,1.0014021172686173e+20
141,3.781512278956271e+23,1.0423366290666806e+22
142,7.35197791363212e+20,3.674788395671645e+21
143,8.051444215920518e+21,1.7965551605906407e+19
144,3.799416789634845e+22,1.2334348708279537e+20
145,2.6269217403275206e+22,2.3306968274447798e+21
146,9.696366985765873e+19,3.98235898784189e+19
147,2.3395362676134013e+21,6.661402191997174e+19
148,8.852561124660808e+20,1.507149431137897e+23
149,2.36782362316352e+20,2.5120943613483806e+21
